741 N/A 833 N/A 436 720 N/A 211 N/A 446 N/A -457 20 -247 198 955 N/A 275 -808 -703 -965 -332 -988 259 985 -876 671 -659 979 -336 818 -655 N/A 394 425 N/A 767 N/A 254 N/A -672 N/A -952 569
-723 -590 N/A 243 -510 958 461 524 -595 940 -169 516 -807 -262 N/A 913 -327 N/A 385 N/A -290 -443 880 N/A 939 439 -317 -88 N/A -84 571 -196 N/A 381 -307 -115 N/A 622 -475 524 N/A 328 N/A -886 -958 -59 -481 N/A 12 -765 N/A -235 N/A -908 N/A -539 N/A 205 598 866
0 N/A -572 -159 -474 -245 611 N/A -110 -658 904 787 N/A 83 N/A 470 N/A 814 -272 -259 -480 -483 N/A -411 -546 N/A -38 -198 641 -549 N/A -805 N/A -510 736 -338 N/A 424 -224 -505 N/A 73 -222 -84 N/A -37 749 -173 102 N/A 136 -630 N/A -572 58 N/A 273 -819 74 N/A -108 63 909 -190
-625 663 N/A -522 N/A -204 N/A 843 N/A 911 -415 615 641 951 -503 N/A -881 -54 -458 N/A -742 935 112 -531 -506 -700 177 N/A -596 N/A 705 613 -791 -142 385 N/A -589 -908 -428 31 707 N/A -515 N/A -109 -147
643 N/A -148 N/A 62 938 197 -784 487 -317 -794 567 N/A 822 124 N/A -229 N/A 254 N/A -927 N/A -599 75 -397 330 -489 -419 986 N/A 615 457 N/A -648 887 N/A -195 179 N/A -727 239 -775 608 N/A -602 796 6 -568 847 N/A 43 45
222 327 -92 N/A 112 N/A -124 386 N/A 329 N/A -747 -353 N/A -434 -836 335 -776 N/A -731 -996 -908 -282 -787 N/A -486 -371 143 571
129 -789 410 -148 425 N/A 665 N/A -355 N/A -424 -379 -870 -790 714 732 -335 759 N/A 713 -189 N/A 404 -117 -849 N/A 969 -555 N/A -532
-607 -736 -83 -692 N/A -208 -231 649 N/A 862 254 N/A -790 -172 -842 -113 -949 -686 N/A -218 N/A 991 430 883 -994 N/A 242 86 332 -777 587 216 58 -412 2 998 839 -588 N/A 109 -985 N/A -646 N/A 224 131 48 N/A -665 N/A 553 -940 N/A 334 N/A 188 N/A 839 545
513 -739 -230 -422 N/A 745 957 N/A 202 N/A 11 855 -54 -154 36 N/A 497 -686 N/A 818 -515 N/A 480 N/A -14 332 -20 257 935
21 N/A 812 208 N/A -139 N/A 556 -119 N/A -805 841 N/A 363 -719 N/A -617 -26 311 -177 N/A 698 317 -864 945 N/A 439 N/A -797 628 113 -778 804 -291 740 -88 -547 772 -498 N/A 778 460 819 N/A -751 -828
-851 -366 N/A 159 134 -466 -88 N/A 99 954 N/A 509 N/A 736 N/A -944 187 N/A -104 N/A -224 -581 N/A 355 -869 130 N/A 25 -427 106 829 966 387 186 142 -240 N/A 65 -40 -364 763 -814 -81 982 N/A 293 -528 542 N/A -10 N/A 391 575
-50 821 -429 938 -285 N/A -757 N/A -713 374 -241 N/A 172 471 -339 N/A -116 452 833 111 -41 N/A -566 499 -157 248 -28 -751 933 -923 -376 568 N/A 375 N/A 482 N/A 732 N/A -914 -697 361 -599 690 N/A 662 N/A 633 N/A 770 N/A 475 555 N/A -560 -440 -350
-569 N/A 436 N/A -187 786 -511 303 N/A 408 -606 -807 N/A 746 -622 52 N/A 729 N/A -293 -180 N/A 797 248 843 N/A -206 876 -191 422 355 -375 -365 748 -952 N/A 547 N/A -449 -747 -452 N/A -775 -879 -202 942 427 N/A 693 -892 N/A 109 N/A -70 973 -855 -490 N/A 936 -84 N/A 851 623 512 -207 -872
-280 897 N/A 97 N/A -124 N/A -826 -386 789 -551 -885 -911 -374 -15 939 -697 N/A -777 -202 894 N/A 510 84 N/A 678 -443 504 N/A 884 432 -697 N/A 58 -825 N/A -929 N/A -683 717 464 247 -858 -575 -496 N/A -6 613 -772 -32 N/A -526 N/A -209
-802 -460 N/A -284 -7 -626 -367 -374 661 N/A 748 N/A 982 417 -306 N/A -156 -774 -828 N/A 368 -154 -539 N/A 907 N/A 299 769 N/A -388 -434 N/A 731 854 N/A 61 857 N/A 998 433 N/A -678 N/A 925 801 301 871 408 -145 -241 -240 N/A 360 -643 -463 921 -114
-155 239 N/A -614 N/A -736 N/A 55 N/A -382 N/A -733 -76 N/A -560 856 -823 N/A 257 -282 483 773 183 98 -178 -96 N/A -216 42 N/A -616 -86 -798 451 N/A -792 -445 N/A 496 -969 N/A -684 -685 N/A -391 -792 N/A -883 43 -399 -800 578 N/A -728 924 -384 881 -609 189 -873 287 -59 N/A 104 905 91
-109 N/A 157 N/A 284 -30 -703 143 770 99 N/A -197 227 -515 933 857 -478 N/A -349 710 N/A -430 395 N/A -942 274 818 -794 N/A 83 N/A -121 489
-195 367 -726 -528 N/A 194 N/A -398 55 N/A 820 79 -419 -126 N/A 174 -553 905 N/A 112 -784 389 N/A -369 -224 -950 N/A -224 880 N/A -281 554 N/A -429 -956 N/A 480 952 N/A 321 908 N/A 585 323 -421 901 -617 -664 -785 -611 -963 N/A 849 391 N/A 801 638 -181 -978 -481 -323 N/A -910 295 N/A 920 -706
-795 603 -51 N/A 839 N/A 950 -412 N/A -961 N/A 662 -443 -382 N/A -675 -797 61 -878 59 472 N/A -691 341 -957 -631 931 -273 -403 N/A 355 N/A 16 35 N/A 935 615 -521 303
-539 N/A 54 263 -503 -691 N/A -743 -926 -466 N/A 114 N/A 328 -176 N/A 912 -462 407 N/A -967 285 503 -631 575 519 569 26 N/A -771 113 N/A 357 -4 N/A 360 864 N/A -647 382 N/A -423 -92 446 N/A 879 383 -442
565 848 N/A -636 669 N/A -811 N/A -200 205 -78 684 N/A -44 -845 -393 606 -533 475 -693 191 N/A -406 -370 -960 -782 N/A -640 -772 N/A 586
-609 N/A 440 -560 N/A 315 N/A -197 401 -668 342 -287 -402 642 -652 536 496 630 N/A -950 621 556 -925 N/A -367 N/A 228 -14 -133 N/A 333 N/A 185 -300 -503 42 N/A 72 N/A 827 495 N/A -220 907 746 -473
-841 361 622 N/A -843 N/A -265 842 N/A 457 -813 -415 -571 N/A 622 -173 N/A -312 -125 N/A -194 191 -360 -291 -237 -233 N/A -419 268 -90 -754 481 -389 N/A 548 -984 784 -753 N/A 139 -860 N/A 990 -137 N/A 188 -997
275 232 18 N/A 14 57 N/A 517 N/A 903 -121 -340 N/A -940 449 942 N/A 796 -192 N/A -730 567 -554 N/A 106 N/A 953 -106 12 -455 N/A 183 884 -291 190 -629 440 -421 N/A 704 -919 N/A -26 N/A -132 -424 -846 147 351 -770 -596 -564 N/A -540 -318 N/A 517 596 N/A 696 N/A 695 47 81 122 N/A -154 959 736
-607 -124 -250 -160 N/A 811 997 676 821 N/A 73 N/A -481 24 586 N/A 38 N/A 235 14 133 -735 768 608 438 -458 -709 N/A -530 -984 601 N/A -10 143 N/A 45 -960 N/A -132 N/A 876 308 -733 -6 873 -286 N/A -945 N/A 694 -478 N/A 634 N/A -833 -114 734
847 -999 104 N/A 163 -354 -88 N/A -993 -76 67 648 -515 -271 N/A 531 N/A 712 36 143 -807 921 N/A 892 -968 -443 874 -72 -484 -416 N/A -995 N/A -429 528 -676 N/A 440 N/A 206 687 998 -609 -609 683 733 -77 -778 887 N/A 677 N/A 96 N/A -301 N/A -79 853 N/A 423 N/A -6 N/A -271 729 215 819
-21 120 585 -477 -743 167 -668 N/A 195 227 -144 N/A 587 N/A -232 -899 633 457 -527 -673 N/A 406 -493 N/A -643 -2 N/A -51 N/A -830 -380 426 N/A 948 N/A 202 455 -895 -896 -139 -400 596 -453 N/A 392 N/A -304 -957 N/A -672 229 243 -606 N/A 793 N/A 922 -311 -107
457 1 N/A -430 -764 386 672 611 -335 -615 N/A 177 N/A 521 406 -852 721 -897 341 N/A -275 -248 -255 178 -383 477 N/A -860 N/A 543 N/A -686 N/A 173 -843 N/A 891 -336 N/A 992
-167 -182 -675 922 N/A 700 358 N/A -616 N/A 518 -150 -860 N/A 559 740 440 N/A -850 N/A 805 -155 384 -544 699 413 N/A 942 -777 N/A -518 217 -363 N/A 686 -675
497 -313 N/A -472 N/A -961 N/A 823 -566 -30 -49 N/A -774 N/A 53 201 -999 -230 305 -918 N/A -84 N/A 687 -190 731 -287 N/A -975 153 321 284 -302 904 27 -650 N/A 359 855
281 N/A -815 186 N/A 690 -520 N/A 917 146 -338 -389 -566 N/A 68 N/A -184 651 -713 N/A -233 N/A -994 -824 537 N/A -62 N/A -966 N/A -453 -47 32 466 -519 -477 -94 -664 222 -443 N/A 221 -449 N/A -28 806 -992 979 -942 N/A -530 775 N/A 318 -329 311
883 N/A -31 418 N/A -591 944 616 N/A 930 -706 N/A 808 -545 -909 930 -837 N/A -988 -726 N/A -1000 N/A 962 226 772 436 N/A -866 873 675 -118 -845 15 N/A 256 -14 -970 N/A -26
-167 N/A 746 N/A -864 607 741 -187 -783 -541 4 N/A -951 N/A -231 -447 -392 -784 300 -979 N/A -593 -918 N/A 896 725 N/A 156 676 -175 699 N/A 724 N/A 104 -254 -47 N/A -429 580 -290 N/A 809 -937 -127 -503 580 N/A -32 -882 243 -396 -347 -26 N/A -280 N/A -211 368 N/A 527 N/A -60 N/A -12 -878 344 -882
634 N/A 51 -181 N/A -909 233 -727 -329 -296 N/A -703 437 -638 167 -122 327 N/A 861 144 990 N/A 581 -303 -224 N/A 1 666 100 192 N/A 4 N/A 151 981 46 N/A 811 -603 N/A -129 N/A -357 N/A 539 408 -938 N/A 27 -31 700 N/A -120 N/A 417 575 -919 506 612 -137 N/A 756 N/A -265 372 -204 -499 959 -503 N/A -81 495
802 N/A 585 N/A 126 N/A 75 -915 163 -616 N/A 464 N/A 995 -894 N/A 429 1 N/A -306 458 183 -716 N/A -195 N/A 859 929 -980 N/A -280 -782 69 59 580 N/A -736 -248 N/A 574 N/A 426 -902 574 -749 N/A -132 304 -573 N/A -443 -328 422 554 -768 -293 -218 899 -173 -694 -605 -406 992 N/A -785 -551 153 489 N/A -21 116
-616 208 267 444 648 150 N/A 400 N/A -23 764 -136 N/A -293 N/A -550 N/A 552 -373 274 -764 373 400 809 846 N/A -624 N/A -644 -891 968 N/A 501 586 184 N/A -864 N/A 131 740 N/A 572 266 N/A 598 N/A -951 460 N/A 483 N/A 320 -615 -412 674 933 856 598 -338 152 327 -115 -102
-468 N/A 473 -133 195 -909 -29 484 N/A 252 -331 -506 962 296 546 N/A -162 585 0 N/A -31 864 495 -876 -442 -75 N/A 71 -677 453 -951 N/A -49 -662 N/A 422 285 N/A 708 N/A 631 -929 336 -465 N/A -681 N/A -103 -426 937 N/A -904 -342 -990 N/A 748 -85 -962 285 N/A -13 N/A 515 -976 -903 N/A 479 -362 -753 N/A 11
710 -37 N/A 126 -773 N/A -850 -110 178 N/A -178 N/A -701 -870 757 902 N/A 176 N/A -344 N/A 56 N/A 67 134 831 6 573 -150 N/A -264 -243 326 N/A 859 -25 940 -989 N/A -587 -980 N/A -76 N/A 787 -253 -829 -580 -195 637 621 22 513 -298 N/A 703 -877 767 N/A -455 -607
742 N/A -243 N/A 854 N/A -317 N/A 455 -236 N/A -543 -245 -152 -422 -250 -832 373 -980 345 844 N/A -336 -197 -905
278 N/A -39 447 N/A -846 319 N/A -674 557 -719 N/A -653 -393 118 700 -330 -304 -122 -470 N/A -58 309 N/A 213 -134 -289 -465 618 N/A 911 981 -77 48 -996 -461 278 N/A 410 N/A 674 -291 N/A -34 N/A 569 N/A 900 -829 853
-780 836 -796 -468 429 N/A 968 N/A -698 -14 765 330 N/A 908 122 N/A 971 631 N/A -255 N/A -735 696 -551 -164 -353 -332 N/A 992 -710 N/A 501 554 N/A 220 -168 -729 N/A 365 587 -15 -317 N/A -782 463 301 525 N/A -560 225 N/A 899
695 -114 356 N/A 347 174 764 N/A 819 -296 81 N/A -192 N/A -737 331 237 187 237 N/A 77 -243 -928 89 N/A 713 N/A 668 N/A -944 -691 -286 -996 198
577 332 N/A -319 N/A 640 -239 N/A 737 N/A 393 -168 N/A 638 N/A 97 496 -864 344 N/A 244 244 N/A -64 -105 8 -570 -292 -709 N/A -205 -485 N/A -953 N/A -183 292 41 N/A 883 685 172 888 -702 -714 -1 N/A 426 810 -262 6 N/A 427 912 326 -707 359 413
459 -299 -593 N/A -413 -944 N/A 416 223 821 -705 -353 N/A -897 19 -84 797 -256 N/A 429 887 924 N/A 536 -410 387 -64 N/A 838 -299 -590 -22 N/A -43 356 27 250 601 204 N/A 782 N/A -997 N/A 736 308 -330 64 N/A 244 -805 83 N/A -855 N/A 658 N/A -669 -355 N/A -884 583 81 -201 N/A -76 496
675 -385 586 271 -117 -95 N/A -822 N/A 536 325 N/A 134 170 N/A 466 -231 -206 -317 N/A 517 N/A 599 N/A 319 N/A -93 -484 N/A 718 -888 914 -408 -414 N/A 882 164 -47 -293 -327 -499 N/A -780 -790 -247 N/A -413 873 N/A -214 -253 N/A 557 -359 231 -259 -214 696 N/A -114 N/A -512 80 -452 N/A -315 -354 229 N/A 13 -985 -279 553 607
141 -30 756 421 N/A -476 N/A -370 N/A -757 296 N/A -203 N/A 224 315 460 348 N/A 856 116 50 N/A 484 -921 381 N/A 852 507 N/A 10 -444 -78 810 130 -701 -738
-766 -822 N/A -32 N/A 857 -234 -164 -518 937 581 149 -663 N/A -131 455 464 -593 303 N/A -741 419 -682 801 N/A -746 N/A -834 568 N/A -99 -97 N/A -666 N/A 803 515 -719 320 N/A 847
-597 -865 327 N/A -612 -203 -174 649 106 408 441 -540 702 341 -438 -552 -12 N/A -431 N/A 827 N/A -111 35 -130 -595 -735 N/A -75 977 -809 261 N/A 860 N/A 766 N/A 420 492 887 N/A -44 N/A 923 N/A 482 -728 N/A -814 906 324 -497 -234 -968 N/A 61 326 N/A -890 596 N/A 570 -944 N/A 346 736 950
-293 -446 339 N/A -966 -156 N/A 516 675 N/A 648 639 -523 N/A -266 193 -549 N/A 513 -91 N/A 451 704 -549 502 803 262 58 -628 N/A 981
-200 N/A -899 N/A -239 N/A 52 -671 -693 -695 -994 457 N/A -63 N/A 689 -973 N/A -575 -434 -935 601 -796 -844 -327 N/A 53 -938 28 742 578 901 -869 N/A -489 60 N/A -980 -447 2 N/A -58 275 -134 N/A 359 N/A 80 -156 774 -974 150 N/A -652
-849 -345 745 461 301 N/A -849 N/A -767 -630 16 N/A -242 N/A -516 -807 481 N/A -272 876 -192 401 N/A -883 N/A 545 401 N/A 801 N/A 641 -425 -926 -482 -871 -562 -659 971 N/A 870 -92
-475 N/A -640 N/A 413 -727 168 -287 N/A -718 -777 617 511 N/A 635 246 N/A 876 N/A -335 -183 N/A 691 -84 N/A -18 873 -874 626 -191 240 -813 79 995 757 N/A 18 N/A -303 -961