247.30769230769232
-95.71428571428571
-158.21428571428572
-14.5
138.33333333333334
172.5
-58.63636363636363
-323.8888888888889
321.42857142857144
290
105.5
40.45454545454545
-123.33333333333333
-363.57142857142856
147.22222222222223
-243.33333333333334
100.55555555555556
162.30769230769232
232.22222222222223
192.5
-195.5
-79.16666666666667
-101.81818181818181
-108.46153846153847
-263.84615384615387
-270
-95
-461.6666666666667
-86.25
-157.77777777777777
-80
-89
157.5
232.91666666666666
-130.9375
102.27272727272727
7.857142857142857
-170
-182.14285714285714
124.16666666666667
-43.666666666666664
443.3333333333333
165.45454545454547
-319.1666666666667
-194.16666666666666
153.88888888888889
125
-60
345
-328
240
98.57142857142857
