468 303 271 -329 257 617 -773 -225 -623 -686 495 -186 425 -217 629 -773 754 964 -924 -169 16 -587 91 865 88 680 -686 -284 846 -617 -815 -371
-425 788 631 636 -958 203 941 196 -528 476 223 -791 -757 704 389 239 770 -340 570 900 -85 -151 569 -817 319 251 838 -486 -563 614 -327 828 -573 -898 -937 -75 -458 506 770 -266 -924 692 922 30 -187 -851 -894 -182 -222 198 946 965
578 -236 333 -679 656 811 397 880 811 -699 -483 -538 -205 -835 493 158 220 694 -247 -922 685 -936 768 -373 683 -497 124 534 164 -113 -814 -45 6
-961 876 285 -726 292 -958 731 122 -263 -765 904 -493 -838 -290 843 608 -644 -899 407 763 -857 -142 86 -997 166 210 140 396 -303 455 -636 153 638 10 -89 527 -69 858 231 -482 -90 947 -140 -223 -815 261 -26 857 116 -386 853 632 -191 647 325 549
-802 906 617 -260 -730 658 130 590 -662 -901 381 976 -124 393 5 -530 87 128 855 -541 155 947 477 -613 678 626 -118 783 -713 -154 -144 42 -863 864 674 248 847 -563 -794 95 111 -482 -651 229 131 -328 908 65 217 -238 -705 -786 -433 558 -865 -365 -868 203 302
-655 379 -286 -290 -632 -8 730 357 -411 306 -395 -434 -649 -455 -675 -628 -273 801 537 198 508 72 886 655 910 355 663 -336 98 -861 893 674 -597 -796 -492 360
609 -731 -859 72 325 366 686 -641 984 -216 902 210 -108 543 301 55 -638 208 208 -378 929 648 334 -291 925 580 983 632 -285 -30 -418 -617 917 -318 764 794 963 518 285 69 -707 -677 -930 -164 257 365 399
-763 -306 164 -407 -772 908 -13 411 -724 -795 -299 705 -600 953 -467 111 -793 -186 -329 -434 -806 490 919 922 -509 408 -23 893 -302 -690 474 -185 -726 748 952 -673 849 -495 659 -477 -763 -872 -740 -150 711 517 153 518 -967 -411 -918 849 -383 283
160 -882 -866 -680 563 -475 -815 530 -352 665 -63 -121 -132 753 118 92 -12 434 -703 -633 -166 -554 315 -284 -767 625 644 784 948 -915 138 -908 524 -696 828 -516 622 339 -338 -112 -6 -536 885 -160 -26 -217 -219 349 -844 774 -734 389 516 996 -322 417 866 -621 109 642 506 -673 111 -796 -875 99
-909 501 -613 -278 -843 361 340 429 -386 -571 -801 398 -258 576 -486 638 -585 -437 556 -769 -358 -706 630 -230 166 -26 956 -840 -180 637 604 -740 700 894 315 -24 123 -439 411 793 -544 858 -373 885 46 -492 293 467 -772
138 -423 -920 -126 -503 -48 -442 -435 -717 802 356 932 698 -169 -57 -219 62 676 -108 338 939 -893 -936 157 -572 198 773 821 931 -185 88 -844 -79
162 -638 -884 -109 -28 266 -213 -273 273 93 472 -435 -188 499 532 -618 -884 611 999 -694 245 -212 -564 -879 -184 -844 -129 -390 -25 29 331 -563 542 231 -74 -655 -519 656 -137 995 774 -377
-921 873 542 935 401 -600 -445 -400 649 -146 283 -801 560 772 -978 648 649 -432 -763 362 -654 -760 323 -208 422 -42 -774 350 383 -195 -486 -856 898 597 -617 -340 599 -418 -806 538 -753 -993 -533 -151 483 627 -1000 -329 -219 -362 -408 119 927 -976 46 -462 -261 549 -219 -658 798 -432 971 -108 394 43 -849 584 -17 -668
535 150 -126 -387 -843 770 -977 80 -680 -782 -634 -227 121 359 -439 284 504 866 -256 -724 362 -905 787 -545 499 -412 -732 640 72 -290 336 -173 -694 577 211 855 912 -518 529 -827 -889 -998 -868 260 291 -849 -147 -75 760 912 606 -705 269 766 -854 448 -973 300 723 849 705 -669
-666 102 -993 289 -514 -116 -605 -682 -861 458 823 -980 808 -342 -971 -548 -659 -621 240 -723 369 919 -819 -250 256 -16 856 716 475 -729 -955 -716 642 -348 727 -334 792 158 844 -560 -869 212 -745 -213 403 194 753 -139 -468 741 -499 -105 96 -237 504 -14 -856 -535 -809 -691 615 969 946 877 480 -226 -648 -718 825 -196 -571 882 228
9 467 -358 -290 1 -415 -926 -455 375 18 266 282 527 -974 481 -252 -304 -928 42 209 -641 -756 -754 -487 -408 684 900 -640 260 -243 -33 -938 807 -713 745 -518 720 -472 -495 -496 -484 399 -214 313 439 683 -189 -883 -934 -791 -153 172 -695 890 -987 0 -32 -411 -306 742 846 115 -974 -979
-787 -91 -643 714 45 -12 -252 -854 -799 -468 -386 -779 -856 502 665 452 -588 -297 487 486 934 702 975 -757 -545 616 77 482 -947 -270 -421 492 -969 -434 669 577 813 615 827 111 -665 -914 -959 97 -791 -784 600 -689 259 -751 153 962
-206 62 -711 32 337 -409 -841 -395 -433 -263 -464 749 -994 203 -738 -542 687 -373 194 -747 107 330 -210 620 -387 -517 280 224 257 585 -443 620 -357 772 -73 -522 236 544 171 299 -81 654 960 -547 -367 968 135 268 -83 -710 794
-372 463 806 649 -778 78 -75 202 61 364 722 503 936 149 -226 67 -508 -121 937 799 -34 478 234 -834 -663 -771 733 245 845 59 -638 -745 685 561 -713 76 645 649 -24 169 319 766 -945 -532 -429 312 -811 782 142 -551 -707 -218 50 430 551 535 -391 -681 -485 507 203 -119
-408 -169 -761 510 949 678 -163 -458 381 -431 -223 454 562 377 -799 557 -449 -324 249 -21 -867 53 52 410 -296 -809 -727 -886 -232 -498 -576
929 423 694 -900 98 -493 -292 -543 -658 793 94 584 981 261 -888 818 212 -829 349 -481 692 784 -931 -154 -710 472
994 981 619 692 139 -142 -401 -783 649 915 -173 -325 208 972 309 -697 680 716 376 169 665 957 -306 -418 -505 -981 237 -716 469 -704 -273 97 399 249 -27 579 -470 -285 286 609 17 -715 184 755 64
396 -901 -975 655 533 -581 904 594 856 472 -754 20 -75 822 -221 903 135 -271 -298 56 -112 -627 -286 500 772
994 938 -958 -492 -239 -776 -614 -605 -410 788 -668 845 148 486 433 -903 -622 508 -382 345 415 -240 -448 -466 -650 -571 -223 699 -927 802 441 145 868 744 -324 -912 -368 -513 -883 781 -570 -66 -536 -6 -49 -530 -488 974 -665 -192 220 589 -286 -934 202
-942 246 363 870 -228 170 782 -651 -67 358 170 680 887 939 895 443 -8 -96 -771 914 -416 -719 934 921 -612 -378 159 -672 654 884 -293 652 870 -817 656 509 574 584 992 605 510 854 586 -843 -483
-374 884 -621 -876 -503 866 795 -530 -371 -927 -962 493 -748 -644 -199 -331 270 834 -787 -106 -806 -703 11 -867 66 581 -774 -211 688 180 291 -175 -445 -78 665 -473 936 142 217 -26 -918 -503 714 750 -370 -89 -856 665 -898 -697 77 -684 -757 -33 828 727 -781 874 366
-494 668 -279 -752 -893 799 898 713 946 408 -429 -411 193 -99 -438 395 -294 -148 233 -676 -776 -944 625 18 248 -418 625
-836 -134 740 -112 739 -677 529 -650 -763 -716 445 -668 -801 -528 -136 509 183 965 -662 871 420 747 -252 -295 -305 729 530 134 420 897 -454 366 -279 213 -61 363 411
-320 -253 153 762 -995 -914 291 202 -359 840 -237 299 461 909 10 -159 619 -907 442 490 -224 -956 825 -294 -534 354 -625 680 -284 -435 810 456 -20 873 -668 808 421 519 -871 989 -621 689 -555 377 -103 -463 631 -695 917 -851 -175 -199 -674 421 613 844 -974 380 982 -856 -575 267 -1000 974 -977 886 263 757 -286 -647 -31 -539 428 468
548 -152 -973 23 -909 -779 -114 787 112 -948 -136 882 -832 -737 546 -718 930 152 -340 981 -241 376 -646 -471 -194 -898 -227 -33 914 -737 265 545 -779 -601 -645 -827 244 300 836 -642 -723 234
-378 -665 306 -65 -3 2 -60 613 570 616 -217 -368 -807 427 296 -637 -214 242 -910 450 937 889 -959 954 90 609 -610 902 -171 713 -632 408 -341 -437 -440 -876 -30 -392 789 510 -468 -612 -574 540 -944
368 754 187 -175 -213 -319 -811 6 270 677 342 850 383 -145 -458 -438 678 -978 -342 -581 -860 -83 748 -691 488 19 701 61 -298 533 684 88 -653 667 668 52 -784 -906
-946 -76 557 -957 -612 566 111 -950 -542 785 353 878 901 128 -819 -63 -67 894 614 -90 -911 -303 578 -339 475 -984 503 -347
205 888 334 64 741 24 -574 108 -91 -36 -70 -619 890 257 581 -695 -779 505 611 785 -709 796 709 325 -92 724 -345 -245 494 768 44 109 -513 844 433 -701 -592 -302 -110 784 632 -234 -192 -404 -333 998 579 -530 -820 72 -121 752 773 258 401 386 -515 -85 345 -477 -259 602 -198 -602 -173
-588 -569 -92 -443 245 769 664 204 656 41 438 -935 -957 672 -712 281 629 -866 -980 638 -342 -715 -406 626 380 712 618 -341 -336 -978 536 -152 748 385 965 -103 -552 -201 603 -142 236 712 183 496 -356 919 -890 -603 165 594 992 -963 -466 -248 -78 754 -98 305 101 379 -239 133 598 -780 373
-825 -891 -946 891 -527 -42 -867 -264 984 214 -713 592 491 998 192 -902 -650 665 630 553 -236 341 651 694 -16 967 -399 465 213 -518 621 514 859 281 450 -757 -658 19 -999 564 475 284 885 -171
-468 30 -904 911 251 -50 -437 263 -87 750 -340 200 -638 -488 901 -565 655 -441 -297 -330 310 635 811 -196 374 -47 648 -190 -730 361 174 528
12 80 252 -676 982 -659 -153 471 -980 -148 -131 86 -902 587 -848 415 915 444 12 832 -367 510 635 78 -57 838 -379 271 -857 275 -583 -275 -270 -395 -299 888 -770 -393 965 737 -312 -183 -440 -258 950 -889 -821 485 -730 275 712 -172 -60 -550
-617 586 -206 47 -683 867 -167 -23 625 386 -790 95 -504 21 -660 46 -94 -463 470 -426 550 -37 -803 308 268 -717 231 307 799 927 -170 667 -142 760 373 470 383
-258 -462 -181 217 196 -556 -107 -527 545 403 837 -723 -11 -649 -298 -473 968 215 -472 999 -218 627 982 563 -529 743 272 -744 570 344 -468 540 -445 -868 -579 304 -746 -295 664 -838 -776 87 -879 924 -630 570 -164 -892 527 180 -111 -796 730 -36 936 -170 -294 876
787 224 947 1 386 -140 -322 446 -821 -981 490 -931 263 985 837 409 258 542 639 -45 -956 984 -773 -193 -140 818 -740 267 -919 -307 -420 -362 360 -694 745 959 -573 189 420 -874 566 -690 -725 -188 197 679 33 32 343 -436 516 680 936 -268 716 -881 -383 -845 5 28 -197 131 823 996 837 -95
909 -757 -163 -984 117 398 -82 62 747 986 -494 -154 500 628 18 285 255 -237 853 -626 -579 -592 -222 631 -159 844 387 921 223 722 -304 -704 508 766 -272 -319 -560 -271 -832 -205 -164 739 -174
-555 545 740 -167 -565 900 48 -831 322 -721 -817 -760 -987 -351 852 818 -760 504 422 66 594 -56 618 75 92 680 524 754 402 858 -421 -402 -632 110 -213 -203 -874 475 -493 800 116 -286 -367 -449 -41 131 366 906 -24 -932 194 -518 -492 -511 723 600 968 -613 -710 254 988
-804 282 656 -536 527 -284 753 174 -520 -935 100 964 -258 -383 315 605 168 -382 557 28 -29 991 -840 -927 21 890 -274 -684 -551 -446 -202 -224 815 -599 -563 985 -728 53 563 517 -488 631 -543 -935 463 816 232 -965 445 195 -582 763 49 164 -543 -116 716 320 -342 -496 -433 299 703 -323 380
320 465 -270 924 -962 -529 490 -846 -779 -762 -65 476 -161 651 -217 -934 127 -740 368 398 272 -531 643 371 20 873 918 -558 590 -924 389 418 961 -121 -535 -903 -926 -754 -722 -851 -483 516 -81 897 -796 553 -485 835 919 3 -8 -140 -272 221 -242 40 648 -926 209 -228 905 -9 -41
370 80 901 -471 52 -160 162 518 -7 -796 -653 -407 -567 54 -902 820 -638 -827 345 -145 845 -991 267 54 -398 -89 -854 -819 -609 98 888 74 364 68 633 731 564 -215 -757 547 -591 108 728 -154 -109 240 889 635 -615 77 -645 166 571 -347 -328 4 611 228 -777 -222
372 -456 -589 -999 -153 -907 284 53 304 -942 819 884 35 -39 -446 -60 -969 808 723 -316 445 -326 522 720 234 777 432 200 209 -37 748 -843 -4 -741 -112 -658 -73 863 700 614 762 -139 934 450 -450 -737 -704
-418 -694 -426 -724 -323 -570 913 62 -528 98 -820 464 -1 128 -573 21 -37 956 476 -865 -852 -930 -129 -677 541 -369 -715 211 -898
563 -587 -123 -777 -95 731 249 -498 -325 525 -170 -674 -39 -559 184 -186 -991 -9 -5 414 297 268 -119 588 340 -493 -37 652 527 -146 -596 593 206 515 986 -924 276 657 -999
94 -467 -548 -595 -579 0 842 -587 124 -772 -309 -902 -782 -333 -863 38 225 730 -928 460 576 -715 -819 364 651 223 -628 533 742 -432 -595 -281 -923 166 -767 616 524 964 766 505 426 -644 556 910 646 -540
353 197 732 514 700 -387 640 928 -182 906 325 172 -102 753 -257 397 -810 144 -343 787 700 222 -774 355 -805 -106 -954 458 691 666 -456 -981 -48 -663 -872 639 -333 898 -771 617 812 82 -470 536 647 779 629 -197 -943 -545 768 240 605 -887 -563 388 -854 -628 242 -936 -999 851 798
845 -48 250 32 869 -887 194 -942 -932 182 -937 -874 -580 541 -821 -249 503 -912 -300 -17 -33 745 77 89 -427 924
-224 275 197 -638 -781 628 821 -615 307 -336 39 -391 132 -595 -239 -756 532 542 257 463 42 -286 62 642 474 277 539 -848 -105 -658 -49 -363 -498 -762 -347 -421 287 314 -384 -757 464 -424 -296 -348 -242 459 -626 211 -803 -840 -831 643 472 -820 -995 -845 864 700 -288 -353 -593 -836 568 643 -721 -700 -49 263 112 641 25
-813 75 163 304 846 962 619 -926 -633 -554 446 330 567 -137 894 -801 -209 -991 -503 398 821 -716 -126 -720 -504 -847 -569 273 420 338 11 -213 803 -572 623 -937 85 874 584 -854 33 775 -820 -346 -304 -298 679 158 -748 -370 106 91 -352 -206 737 508 -660 640 973 886 -994 -791 -378 83 -205 -855 -226 -685
-815 -159 -78 36 -83 283 420 210 -683 -986 -32 28 421 71 -613 -778 -515 53 -728 -878 596 -833 609 950 -438 -464 -494 -921 -530 741 833 -370 544 -829 435 455 -727 39 -306 843 -88 -240 994 -578 300 -97 -601 110 918 -813 258 -498 -313 991 484 -989 -914 640 -505 411 322 65 529 63 575 678 -467 929
-804 424 264 -883 833 452 -545 -243 -808 -525 -596 -153 284 -515 -283 292 -320 396 -160 550 26 678 918 -843 361 474 125 -718 46 251 871 -788 671 525 751 498 -824 -561 -109 -761 807 -399 -694 914 676 338 998 -189 899 690 503 -899 864 183 -66 3 544 25
75 -483 195 822 106 892 -648 770 348 -523 -293 911 967 -96 -900 803 474 936 82 121 111 643 -986 304 882 -262 -424 -84 -379 87 -237 753 -242 944
-969 426 -155 15 -222 -270 -554 -345 773 -667 597 247 -925 -45 358 -500 118 652 -418 827 -277 -239 466 -760 256 959 303 -418 -890 224 -723 901 120 -483 -826 -186 -91 402 560 632 -152 -16
-983 726 828 634 378 481 674 -798 635 -939 -466 696 812 89 -349 669 -919 306 261 146 149 -38 324 -512 -205 20 -384 5 -101 -565 -258 -704 -695 849 750 118 -704 -324 -814 -316 -807 479 318 555 290 425 141 505 796 -551
807 605 71 206 316 -703 603 -205 96 267 -860 -125 217 -825 -433 88 364 816 -189 -625 120 480 -322 935 -322 -681 -109 -353 -471 744 662 774 604 783 473 441 369 617 169 302 371 405 -61 -874 -308
-920 -147 -683 13 -149 721 504 725 772 378 944 773 -324 -904 -970 782 -362 513 -676 -387 -812 -859 576 453 -889 -538 -110 -798 -48 913 -28 -473 -602 307 -151 -416 595 31 -410 -791 -949 375 -352 974 706 -635 887 -316 163
282 548 852 -465 288 242 -693 -758 -352 -792 -394 -40 -116 322 -504 -724 -982 850 -115 608 -87 354 -916 -150 -870 -983 -888 -40 608 36 -803 -894 -230 339 136 888 -266 149 -690 465 961 -352 -270 526 -268 76 -456 440 502 -669 634 -390 235 574 619 582
941 305 -617 -484 -385 808 607 -724 743 -793 930 -445 447 -483 554 -786 732 -77 466 -802 -598 -551 -487 103 482 30 -386 959 320 -595 -301 524 -854 139 484 -964 -400 -682 -799 -963 519 -73 629 994 296 867 539 -104 421 153 755 -843 -783 840 676 -66 -216 -382 314 -352 -618 -763 -20 143 507 -314 -873
-591 -138 -808 -306 -734 -59 954 -392 -751 -897 -469 -52 -126 -790 -183 880 -972 886 -610 540 -278 44 -649 -879 223 -39 -140 692 102 -992 -3 -285 -36 459 -106 509 13 -250 -464 -592 -726 -830 951 -188 467 -650 402 -188 -952 -262 -74 237 191 7 805 -84 646 623 -578 650